CART:chi2-ANN:chi2        0.090416667 -0.1193637898  0.30019712 0.9685497
NB:chi2-ANN:chi2          0.052500000 -0.1572804564  0.26228046 0.9998997
SVM:chi2-ANN:chi2         0.015416667 -0.1943637898  0.22519712 1.0000000
ANN:entropy-ANN:chi2      0.051720999 -0.1580594574  0.26150146 0.9999166
CART:entropy-ANN:chi2     0.172803465 -0.0369769912  0.38258392 0.2177364
NB:entropy-ANN:chi2       0.117754815 -0.0920256410  0.32753527 0.7980096
SVM:entropy-ANN:chi2      0.205152840 -0.0046276167  0.41493330 0.0613158
ANN:sbs-ANN:chi2          0.110102814 -0.0996776426  0.31988327 0.8648838
CART:sbs-ANN:chi2         0.368825758  0.1590453011  0.57860621 0.0000080
NB:sbs-ANN:chi2           0.360827922  0.1510474656  0.57060838 0.0000129
SVM:sbs-ANN:chi2          0.349301948  0.1395214916  0.55908240 0.0000257
ANN:sfs-ANN:chi2          0.119060458 -0.0907199989  0.32884091 0.7852654
CART:sfs-ANN:chi2         0.400024510  0.1902440534  0.60980497 0.0000012
NB:sfs-ANN:chi2           0.398553922  0.1887734651  0.60833438 0.0000013
SVM:sfs-ANN:chi2          0.225841503  0.0160610468  0.43562196 0.0237556
NB:chi2-CART:chi2        -0.037916667 -0.2476971231  0.17186379 0.9999985
SVM:chi2-CART:chi2       -0.075000000 -0.2847804564  0.13478046 0.9944206
ANN:entropy-CART:chi2    -0.038695668 -0.2484761241  0.17108479 0.9999981
CART:entropy-CART:chi2    0.082386799 -0.1273936578  0.29216726 0.9861737
NB:entropy-CART:chi2      0.027338149 -0.1824423077  0.23711861 1.0000000
SVM:entropy-CART:chi2     0.114736173 -0.0950442834  0.32451663 0.8260517
ANN:sbs-CART:chi2         0.019686147 -0.1900943092  0.22946660 1.0000000
CART:sbs-CART:chi2        0.278409091  0.0686286345  0.48818955 0.0015439
NB:sbs-CART:chi2          0.270411255  0.0606307990  0.48019171 0.0023941
SVM:sbs-CART:chi2         0.258885281  0.0491048250  0.46866574 0.0044498
ANN:sfs-CART:chi2         0.028643791 -0.1811366656  0.23842425 1.0000000
CART:sfs-CART:chi2        0.309607843  0.0998273867  0.51938830 0.0002642
NB:sfs-CART:chi2          0.308137255  0.0983567985  0.51791771 0.0002876
SVM:sfs-CART:chi2         0.135424837 -0.0743556198  0.34520529 0.6033714
SVM:chi2-NB:chi2         -0.037083333 -0.2468637898  0.17269712 0.9999989
ANN:entropy-NB:chi2      -0.000779001 -0.2105594574  0.20900146 1.0000000
CART:entropy-NB:chi2      0.120303465 -0.0894769912  0.33008392 0.7728107
NB:entropy-NB:chi2        0.065254815 -0.1445256410  0.27503527 0.9987187
SVM:entropy-NB:chi2       0.152652840 -0.0571276167  0.36243330 0.4039332
ANN:sbs-NB:chi2           0.057602814 -0.1521776426  0.26738327 0.9996929
CART:sbs-NB:chi2          0.316325758  0.1065453011  0.52610621 0.0001790
NB:sbs-NB:chi2            0.308327922  0.0985474656  0.51810838 0.0002844
SVM:sbs-NB:chi2           0.296801948  0.0870214916  0.50658240 0.0005503
ANN:sfs-NB:chi2           0.066560458 -0.1432199989  0.27634091 0.9984068
CART:sfs-NB:chi2          0.347524510  0.1377440534  0.55730497 0.0000285
NB:sfs-NB:chi2            0.346053922  0.1362734651  0.55583438 0.0000311
SVM:sfs-NB:chi2           0.173341503 -0.0364389532  0.38312196 0.2137472
ANN:entropy-SVM:chi2      0.036304332 -0.1734761241  0.24608479 0.9999992
CART:entropy-SVM:chi2     0.157386799 -0.0523936578  0.36716726 0.3541544
NB:entropy-SVM:chi2       0.102338149 -0.1074423077  0.31211861 0.9175423
SVM:entropy-SVM:chi2      0.189736173 -0.0200442834  0.39951663 0.1164196
ANN:sbs-SVM:chi2          0.094686147 -0.1150943092  0.30446660 0.9541401
CART:sbs-SVM:chi2         0.353409091  0.1436286345  0.56318955 0.0000201
NB:sbs-SVM:chi2           0.345411255  0.1356307990  0.55519171 0.0000324
SVM:sbs-SVM:chi2          0.333885281  0.1241048250  0.54366574 0.0000640
ANN:sfs-SVM:chi2          0.103643791 -0.1061366656  0.31342425 0.9098015
CART:sfs-SVM:chi2         0.384607843  0.1748273867  0.59438830 0.0000031
NB:sfs-SVM:chi2           0.383137255  0.1733567985  0.59291771 0.0000034
SVM:sfs-SVM:chi2          0.210424837  0.0006443802  0.42020529 0.0485806
CART:entropy-ANN:entropy  0.121082466 -0.0886979902  0.33086292 0.7648529
NB:entropy-ANN:entropy    0.066033816 -0.1437466400  0.27581427 0.9985396
SVM:entropy-ANN:entropy   0.153431841 -0.0563486157  0.36321230 0.3955251
ANN:sbs-ANN:entropy       0.058381815 -0.1513986416  0.26816227 0.9996403
CART:sbs-ANN:entropy      0.317104759  0.1073243021  0.52688522 0.0001711
NB:sbs-ANN:entropy        0.309106923  0.0993264666  0.51888738 0.0002719
SVM:sbs-ANN:entropy       0.297580949  0.0878004926  0.50736141 0.0005264
ANN:sfs-ANN:entropy       0.067339459 -0.1424409979  0.27711991 0.9981916
CART:sfs-ANN:entropy      0.348303511  0.1385230544  0.55808397 0.0000272
NB:sfs-ANN:entropy        0.346832923  0.1370524661  0.55661338 0.0000297
SVM:sfs-ANN:entropy       0.174120504 -0.0356599522  0.38390096 0.2080650
NB:entropy-CART:entropy  -0.055048650 -0.2648291063  0.15473181 0.9998214
SVM:entropy-CART:entropy  0.032349374 -0.1774310820  0.24212983 0.9999998
ANN:sbs-CART:entropy     -0.062700651 -0.2724811078  0.14707981 0.9991804
CART:sbs-CART:entropy     0.196022292 -0.0137581641  0.40580275 0.0903136
NB:sbs-CART:entropy       0.188024457 -0.0217559996  0.39780491 0.1245159
SVM:sbs-CART:entropy      0.176498483 -0.0332819736  0.38627894 0.1913990
ANN:sfs-CART:entropy     -0.053743008 -0.2635234642  0.15603745 0.9998665
CART:sfs-CART:entropy     0.227221045  0.0174405881  0.43700150 0.0222311
NB:sfs-CART:entropy       0.225750456  0.0159699999  0.43553091 0.0238595
SVM:sfs-CART:entropy      0.053038038 -0.1567424184  0.26281849 0.9998864
SVM:entropy-NB:entropy    0.087398024 -0.1223824322  0.29717848 0.9764846
ANN:sbs-NB:entropy       -0.007652002 -0.2174324580  0.20212845 1.0000000
CART:sbs-NB:entropy       0.251070942  0.0412904857  0.46085140 0.0067108
NB:sbs-NB:entropy         0.243073107  0.0332926502  0.45285356 0.0101293
SVM:sbs-NB:entropy        0.231547133  0.0217666762  0.44132759 0.0180157
ANN:sfs-NB:entropy        0.001305642 -0.2084748144  0.21108610 1.0000000
CART:sfs-NB:entropy       0.282269694  0.0724892379  0.49205015 0.0012464
NB:sfs-NB:entropy         0.280799106  0.0710186497  0.49057956 0.0013525
SVM:sfs-NB:entropy        0.108086688 -0.1016937686  0.31786714 0.8800827
ANN:sbs-SVM:entropy      -0.095050026 -0.3048304823  0.11473043 0.9527243
CART:sbs-SVM:entropy      0.163672918 -0.0461075386  0.37345337 0.2934779
NB:sbs-SVM:entropy        0.155675082 -0.0541053741  0.36545554 0.3717792
SVM:sbs-SVM:entropy       0.144149108 -0.0656313481  0.35392956 0.5001280
ANN:sfs-SVM:entropy      -0.086092382 -0.2958728386  0.12368807 0.9793998
CART:sfs-SVM:entropy      0.194871670 -0.0149087863  0.40465213 0.0946862
NB:sfs-SVM:entropy        0.193401082 -0.0163793746  0.40318154 0.1005323
SVM:sfs-SVM:entropy       0.020688664 -0.1890917929  0.23046912 1.0000000
CART:sbs-ANN:sbs          0.258722944  0.0489424873  0.46850340 0.0044883
NB:sbs-ANN:sbs            0.250725108  0.0409446518  0.46050556 0.0068327
SVM:sbs-ANN:sbs           0.239199134  0.0294186778  0.44897959 0.0123220
ANN:sfs-ANN:sbs           0.008957644 -0.2008228128  0.21873810 1.0000000
CART:sfs-ANN:sbs          0.289921696  0.0801412395  0.49970215 0.0008122
NB:sfs-ANN:sbs            0.288451108  0.0786706513  0.49823156 0.0008822
SVM:sfs-ANN:sbs           0.115738689 -0.0940417670  0.32551915 0.8169671
NB:sbs-CART:sbs          -0.007997835 -0.2177782919  0.20178262 1.0000000
SVM:sbs-CART:sbs         -0.019523810 -0.2293042660  0.19025665 1.0000000
ANN:sfs-CART:sbs         -0.249765300 -0.4595457565 -0.03998484 0.0071819
CART:sfs-CART:sbs         0.031198752 -0.1785817042  0.24097921 0.9999999
NB:sfs-CART:sbs           0.029728164 -0.1800522924  0.23950862 0.9999999
SVM:sfs-CART:sbs         -0.142984254 -0.3527647107  0.06679620 0.5137793
SVM:sbs-NB:sbs           -0.011525974 -0.2213064305  0.19825448 1.0000000
ANN:sfs-NB:sbs           -0.241767465 -0.4515479210 -0.03198701 0.0108237
CART:sfs-NB:sbs           0.039196588 -0.1705838687  0.24897704 0.9999977
NB:sfs-NB:sbs             0.037725999 -0.1720544569  0.24750646 0.9999986
SVM:sfs-NB:sbs           -0.134986419 -0.3447668752  0.07479404 0.6085639
ANN:sfs-SVM:sbs          -0.230241491 -0.4400219470 -0.02046103 0.0192027
CART:sfs-SVM:sbs          0.050722562 -0.1590578947  0.26050302 0.9999346
NB:sfs-SVM:sbs            0.049251974 -0.1605284829  0.25903243 0.9999547
SVM:sfs-SVM:sbs          -0.123460445 -0.3332409012  0.08632001 0.7398854
CART:sfs-ANN:sfs          0.280964052  0.0711835959  0.49074451 0.0013401
NB:sfs-ANN:sfs            0.279493464  0.0697130076  0.48927392 0.0014540
SVM:sfs-ANN:sfs           0.106781046 -0.1029994107  0.31656150 0.8893580
NB:sfs-CART:sfs          -0.001470588 -0.2112510447  0.20830987 1.0000000
SVM:sfs-CART:sfs         -0.174183007 -0.3839634630  0.03559745 0.2076138
SVM:sfs-NB:sfs           -0.172712418 -0.3824928747  0.03706804 0.2184166
